[[ 0.09198274  0.07696252  0.03942474  0.01620302  0.00718372  0.00489038
   0.00628888  0.01281811  0.029946    0.06253651]
 [ 0.05837491  0.06730265  0.04371167  0.01847992  0.00729143  0.00412432
   0.00438243  0.00765724  0.01625175  0.03377774]
 [ 0.03286127  0.04801202  0.04351123  0.0216496   0.00802815  0.00378517
   0.00327992  0.00483236  0.00910978  0.01796077]
 [ 0.01525406  0.02552708  0.03316808  0.02411646  0.00961887  0.00378201
   0.00254384  0.00299698  0.0047828   0.00849759]
 [ 0.00504533  0.00840187  0.01404305  0.01873326  0.0123704   0.0046047
   0.00220764  0.00183788  0.00221719  0.00320013]
 [ 0.00254573  0.00319591  0.00469021  0.00843489  0.01591289  0.01482053
   0.0064206   0.00326805  0.00242137  0.00230088]
 [ 0.01205476  0.00934021  0.00827777  0.00922293  0.01548592  0.04174783
   0.08490172  0.05729337  0.02939257  0.01748851]
 [ 0.05317722  0.02947539  0.01754456  0.01206602  0.01149849  0.01938182
   0.05675342  0.15762222  0.17392053  0.10019535]
 [ 0.10870721  0.05467712  0.02638238  0.01358166  0.0089577   0.00994688
   0.02054722  0.05875025  0.14106367  0.17096742]
 [ 0.12113049  0.07269332  0.03351626  0.01471276  0.00767748  0.00645633
   0.01022796  0.02448806  0.06154293  0.11603035]]
[[  1.04055501e+00   3.82836838e-01   8.08995631e-02   1.20616443e-02
    9.46882795e-04   1.38182471e-04   9.46882795e-04   1.20616443e-02
    8.08995631e-02   3.82836838e-01]
 [  4.22425900e-01   9.13057108e-01   2.45076768e-01   2.89747202e-02
    1.68189253e-03   1.54418041e-04   6.64497005e-04   6.23767305e-03
    3.32464782e-02   1.25718462e-01]
 [  1.26420534e-01   3.37051744e-01   5.94751915e-01   9.55024492e-02
    4.12381038e-03   2.25626194e-04   5.69365703e-04   3.77409804e-03
    1.57447388e-02   4.77029674e-02]
 [  4.07337420e-02   8.21011529e-02   1.80034962e-01   2.51914793e-01
    1.66392753e-02   5.14853672e-04   6.46967780e-04   2.72724170e-03
    8.38545038e-03   1.97643490e-02]
 [  1.48456295e-02   2.14238672e-02   3.17243222e-02   5.37599104e-02
    5.56897710e-02   2.67656994e-03   1.32176097e-03   2.89072828e-03
    5.79358776e-03   9.79595725e-03]
 [  9.27434442e-03   9.00065869e-03   8.27445276e-03   7.49418002e-03
    8.32819847e-03   1.50691954e-02   8.32819847e-03   7.49418002e-03
    8.27445276e-03   9.00065869e-03]
 [  1.48456295e-02   9.79595725e-03   5.79358776e-03   2.89072828e-03
    1.32176097e-03   2.67656994e-03   5.56897710e-02   5.37599104e-02
    3.17243222e-02   2.14238672e-02]
 [  4.07337420e-02   1.97643490e-02   8.38545038e-03   2.72724170e-03
    6.46967780e-04   5.14853672e-04   1.66392753e-02   2.51914793e-01
    1.80034962e-01   8.21011529e-02]
 [  1.26420534e-01   4.77029674e-02   1.57447388e-02   3.77409804e-03
    5.69365703e-04   2.25626194e-04   4.12381038e-03   9.55024492e-02
    5.94751915e-01   3.37051744e-01]
 [  4.22425900e-01   1.25718462e-01   3.32464782e-02   6.23767305e-03
    6.64497005e-04   1.54418041e-04   1.68189253e-03   2.89747202e-02
    2.45076768e-01   9.13057108e-01]]
[[  3.95105797e-02   3.74778182e-02   1.69923456e-02   6.34270287e-03
    2.63924718e-03   1.54696936e-03   1.36118001e-03   1.95516826e-03
    6.65029964e-03   1.70601462e-02]
 [  2.42793930e-02   3.64775713e-02   2.30020145e-02   8.59701750e-03
    3.15317292e-03   1.57931893e-03   1.26869200e-03   1.76075117e-03
    3.61460187e-03   1.00523280e-02]
 [  1.99815014e-02   3.93214565e-02   4.03179847e-02   1.74298455e-02
    5.85806692e-03   2.43825174e-03   1.62854569e-03   1.79227760e-03
    3.41981522e-03   8.25478800e-03]
 [  2.04490886e-02   4.69244756e-02   8.16291066e-02   6.14287826e-02
    1.96344153e-02   7.11156705e-03   2.85074251e-03   2.21215639e-03
    3.60102610e-03   8.44851247e-03]
 [  1.19850775e-02   4.32968532e-02   1.24621029e-01   2.41740718e-01
    1.50907888e-01   2.76869629e-02   1.49831464e-02   2.44868889e-03
   -5.03537384e-03  -9.46579616e-04]
 [ -6.13749318e-02  -6.00478971e-03   7.63390320e-02   2.96909708e-01
    8.25983970e-01   5.61768259e-01  -4.36510858e-01  -3.46010082e-01
   -1.54068493e-01  -1.07068994e-01]
 [  1.53368864e-02   4.73745476e-02   7.06985288e-02   1.02537686e-01
    2.04479560e-01   6.92829041e-01   1.41667477e+00   4.68897512e-01
   -1.25274256e-01  -4.94393700e-02]
 [  9.53172331e-02   5.60079198e-02   3.70679665e-02   2.70975060e-02
    2.32706335e-02   2.44654882e-02   1.29863194e-01   5.95916336e-01
    5.97909119e-01   2.24879943e-01]
 [  1.12827309e-01   4.71308206e-02   2.13712208e-02   1.06885246e-02
    6.48486962e-03   5.91486068e-03   1.77133936e-03  -4.69191423e-03
    1.35399448e-01   2.17546505e-01]
 [  7.68391589e-02   4.09556092e-02   1.65068998e-02   6.79736690e-03
    3.30062637e-03   2.24519756e-03   3.17551473e-03   7.13421121e-03
    8.62313503e-03   5.20248730e-02]]
