[[-0.00074825  0.00247398 -0.00532211  0.01658478  0.00830759]
 [ 0.00261313 -0.00863998  0.01858662 -0.05791969 -0.02901294]
 [-0.00702712  0.02323424 -0.04998226  0.15575491  0.07802023]
 [-0.03238048  0.1070618  -0.23031485  0.71770806  0.35951193]
 [ 0.00240712 -0.00795884  0.01712132 -0.05335353 -0.02672567]]
[[-0.00152187  0.00777647  0.01780034 -0.00373867  0.00097974]
 [ 0.00531489 -0.02715807 -0.06216482  0.01305672 -0.00342157]
 [-0.01429254  0.07303221  0.16717073 -0.03511152  0.00920113]
 [-0.06585907  0.33652745  0.77031138 -0.16179151  0.04239819]
 [ 0.00489588 -0.02501703 -0.05726399  0.01202738 -0.00315183]]
[[ 0.00240712 -0.00795884  0.01712132 -0.05335353 -0.02672567]
 [-0.03238048  0.1070618  -0.23031485  0.71770806  0.35951193]
 [-0.00702712  0.02323424 -0.04998226  0.15575491  0.07802023]
 [ 0.00261313 -0.00863998  0.01858662 -0.05791969 -0.02901294]
 [-0.00074825  0.00247398 -0.00532211  0.01658478  0.00830759]]
[[ 0.00489588 -0.02501703 -0.05726399  0.01202738 -0.00315183]
 [-0.06585907  0.33652745  0.77031138 -0.16179151  0.04239819]
 [-0.01429254  0.07303221  0.16717073 -0.03511152  0.00920113]
 [ 0.00531489 -0.02715807 -0.06216482  0.01305672 -0.00342157]
 [-0.00152187  0.00777647  0.01780034 -0.00373867  0.00097974]]

[[ 0.03497761  0.36428671  0.91937988  0.7769099  -0.18569725]
 [ 0.02930633  0.30522117  0.77031138  0.65094152 -0.15558825]
 [ 0.00701231  0.07303221  0.18431729  0.15575491 -0.03722859]
 [-0.00876228 -0.09125786 -0.23031485 -0.19462454  0.04651922]
 [ 0.00320645  0.03339469  0.08428089  0.07122046 -0.01702314]]
[[-0.04605782  0.11589305 -0.07419479 -0.17513726 -0.03218152]
 [-0.03858999  0.09710212 -0.06216482 -0.14674046 -0.0269636 ]
 [-0.00923367  0.02323424 -0.01487457 -0.03511152 -0.00645175]
 [ 0.01153799 -0.02903249  0.01858662  0.04387382  0.00806183]
 [-0.00422219  0.01062408 -0.00680154 -0.01605509 -0.00295013]]
[[ 0.00320645  0.03339469  0.08428089  0.07122046 -0.01702314]
 [-0.00876228 -0.09125786 -0.23031485 -0.19462454  0.04651922]
 [ 0.00701231  0.07303221  0.18431729  0.15575491 -0.03722859]
 [ 0.02930633  0.30522117  0.77031138  0.65094152 -0.15558825]
 [ 0.03497761  0.36428671  0.91937988  0.7769099  -0.18569725]]
[[-0.00422219  0.01062408 -0.00680154 -0.01605509 -0.00295013]
 [ 0.01153799 -0.02903249  0.01858662  0.04387382  0.00806183]
 [-0.00923367  0.02323424 -0.01487457 -0.03511152 -0.00645175]
 [-0.03858999  0.09710212 -0.06216482 -0.14674046 -0.0269636 ]
 [-0.04605782  0.11589305 -0.07419479 -0.17513726 -0.03218152]]