[[ -1.29626852e-02   4.32927415e-02  -5.72727044e-02  -1.83122661e-01
   -2.09674633e-01]
 [  2.77415834e-02  -9.26512662e-02   1.22569936e-01   3.91902795e-01
    4.48726959e-01]
 [  5.05006138e-02  -1.68661815e-01   2.23125585e-01   7.13417523e-01
    8.16859893e-01]
 [  4.07652420e-02  -1.36147646e-01   1.80112038e-01   5.75886821e-01
    6.59387851e-01]
 [  2.72986430e-02  -9.11719351e-02   1.20612904e-01   3.85645417e-01
    4.41562289e-01]
 [ -6.76238712e+00  -4.18796771e+00  -1.59009928e+00  -3.65977426e-01
   -5.62228818e-02]
 [  1.44722581e+01   8.96271517e+00   3.40298873e+00   7.83232262e-01
    1.20323200e-01]
 [  2.63452127e+01   1.63156735e+01   6.19478048e+00   1.42579136e+00
    2.19035639e-01]
 [  2.12664539e+01   1.31703821e+01   5.00056745e+00   1.15093116e+00
    1.76810541e-01]
 [  1.42411845e+01   8.81961055e+00   3.34865437e+00   7.70726660e-01
    1.18402040e-01]
 [ -9.51905885e-01   3.17917273e+00  -4.20578170e+00  -1.34474868e+01
   -1.53973126e+01]
 [ -6.56711976e-01   2.19328490e+00  -2.90153392e+00  -9.27730963e+00
   -1.06224783e+01]
 [ -3.14699632e-01   1.05103299e+00  -1.39042943e+00  -4.44573274e+00
   -5.09034423e+00]
 [ -1.06135439e-01   3.54470856e-01  -4.68935526e-01  -1.49936558e+00
   -1.71676692e+00]
 [ -2.84589929e-02   9.50472687e-02  -1.25739649e-01  -4.02037574e-01
   -4.60331235e-01]
 [ -4.96591252e+02  -3.07540532e+02  -1.16767848e+02  -2.68753008e+01
   -4.12868871e+00]
 [ -3.42594187e+02  -2.12169662e+02  -8.05571700e+01  -1.85410472e+01
   -2.84834810e+00]
 [ -1.64172832e+02  -1.01672753e+02  -3.86033949e+01  -8.88496166e+00
   -1.36494252e+00]
 [ -5.53688462e+01  -3.42901014e+01  -1.30193615e+01  -2.99653768e+00
   -4.60339824e-01]
 [ -1.48465170e+01  -9.19449491e+00  -3.49099151e+00  -8.03486993e-01
   -1.23434811e-01]]
