[[ -1.29626852e-02   0.00000000e+00   0.00000000e+00   0.00000000e+00  0.00000000e+00]
 [  0.00000000e+00   2.77415834e-02   0.00000000e+00   0.00000000e+00  0.00000000e+00]
 [  0.00000000e+00   0.00000000e+00   5.05006138e-02   0.00000000e+00  0.00000000e+00]
 [  0.00000000e+00   0.00000000e+00   0.00000000e+00   4.07652420e-02  0.00000000e+00]
 [  0.00000000e+00   0.00000000e+00   0.00000000e+00   0.00000000e+00  2.72986430e-02]
 [ -6.76238712e+00   0.00000000e+00   0.00000000e+00   0.00000000e+00  0.00000000e+00]
 [  0.00000000e+00   1.44722581e+01   0.00000000e+00   0.00000000e+00  0.00000000e+00]
 [  0.00000000e+00   0.00000000e+00   2.63452127e+01   0.00000000e+00  0.00000000e+00]
 [  0.00000000e+00   0.00000000e+00   0.00000000e+00   2.12664539e+01  0.00000000e+00]
 [  0.00000000e+00   0.00000000e+00   0.00000000e+00   0.00000000e+00  1.42411845e+01]
 [ -9.51905885e-01   0.00000000e+00   0.00000000e+00   0.00000000e+00  0.00000000e+00]
 [  0.00000000e+00  -6.56711976e-01   0.00000000e+00   0.00000000e+00  0.00000000e+00]
 [  0.00000000e+00   0.00000000e+00  -3.14699632e-01   0.00000000e+00  0.00000000e+00]
 [  0.00000000e+00   0.00000000e+00   0.00000000e+00  -1.06135439e-01  0.00000000e+00]
 [  0.00000000e+00   0.00000000e+00   0.00000000e+00   0.00000000e+00 -2.84589929e-02]
 [ -4.96591252e+02   0.00000000e+00   0.00000000e+00   0.00000000e+00  0.00000000e+00]
 [  0.00000000e+00  -3.42594187e+02   0.00000000e+00   0.00000000e+00  0.00000000e+00]
 [  0.00000000e+00   0.00000000e+00  -1.64172832e+02   0.00000000e+00  0.00000000e+00]
 [  0.00000000e+00   0.00000000e+00   0.00000000e+00  -5.53688462e+01  0.00000000e+00]
 [  0.00000000e+00   0.00000000e+00   0.00000000e+00   0.00000000e+00 -1.48465170e+01]]
